3470
21443
33243
45043
56843
68643
80443
92313
104316
116116
127916
139716
151516
163316
175116
186916
198716
210516
222316
234186
246189
257989
269789
281589
293389
305189
316989
328789
340589
352389
364189
375989
387789
399589
411389
423189
434989
446789
458589
470389
482189
493989
505789
517589
529459
541259
553262
565062
576862
588662
600462
612262
624062
635862
647662
659462
671262
683062
694862
706662
718462
730262
742062
753862
765662
777462
789262
791622
791622
791622
791622
791622
791622
791622
791622
791622
791622
791622
791622
791622
791622
791622
791622
791622
791622
791622
791622
791622
791622
791622
791622
791622
791622
791622
791692
791692
791692
791895
791895
791895
791895
791895
791895
791895
791895
791895
791895
791895
791895
