3470
3743
3743
3743
344199
722199
1100269
1945733
2838016
3725560
4610080
5494600
6379120
6949144
7455664
7963696
8500712
9014862
9527430
10602718
11741457
12867897
13994337
15122289
16248729
16959369
17586849
18220377
18861721
19496761
20131801
21108809
22129409
23150009
24153977
25151897
26149817
26626097
27004097
27382097
27789151
28161103
28537591
29363399
30255479
31138487
32015650
32886562
33757474
34336570
34838554
35345074
35880578
36387098
36887570
37932618
39068130
40209690
41349738
42485250
43620762
44346522
44981562
45606018
45726978
45726978
45726978
45726978
45726978
45726978
45726978
45726978
45726978
45726978
45726978
45726978
45726978
45726978
45726978
45726978
45726978
45726978
45726978
45726978
45726978
45726978
45727048
45727048
45727048
45727048
45727048
45727048
45727048
45727048
45727048
45727048
45727048
45727251
45727251
45727251
45727251
45727251
45727251
45727251
45727251
45727251
45727251
45727251
45727251
