3470
548249
1160679
1773039
2392959
3012879
3634311
4254231
4874354
5500392
6143248
6770728
7398208
8366144
9371624
10377104
11379560
12377480
13379936
13844120
14217787
14603347
15014867
15400427
15786057
16614889
17499409
18379393
19259377
20139361
21019345
21584833
22076233
22567633
23104649
23618729
24132809
25194489
26328489
27464001
28601025
29741073
30876585
31588737
32208657
32837649
33495828
34136916
34779516
35742916
36754444
37759924
38763962
39769442
40780970
41273882
41650370
42023834
42417210
42795210
43173210
43551210
43914090
44287554
44644386
44999706
45355026
45417018
45417018
45417018
45417018
45417018
45417018
45417018
45417018
45417018
45417018
45417018
45417018
45417018
45417018
45417018
45417018
45417018
45417018
45417018
45417018
45417018
45417018
45417018
45417018
45417018
45417018
45417018
45417018
45417018
45417018
45417221
45417221
45417221
45417221
45417221
45417221
45417221
45417221
45417221
45417221
45417221
45417291
