3470
12593
18493
24393
361677
738017
1114357
1490697
1868822
2245162
2738054
3242914
3747774
3929066
4055926
4182786
4541110
4931058
5322518
5724690
6108793
6492693
6875081
7258981
7639927
7815171
7949591
8084011
8233679
8368099
8502519
8966683
9471543
9976403
10481263
10987635
11494007
11900587
12276927
12653267
13049391
13437827
13829287
14438603
15076519
15711411
16344994
16978374
17613266
17936686
18201138
18464078
18728728
18993180
19256120
19629564
20021024
20410972
20788824
21165164
21544528
21728844
21863264
21997684
22026264
22032164
22038064
22039244
22039244
22039244
22039244
22039244
22039244
22039244
22039244
22039244
22039244
22039244
22039244
22039244
22039244
22039244
22039244
22039244
22039244
22039244
22039244
22039244
22039244
22039244
22039244
22039244
22039244
22039244
22039244
22039244
22039244
22039447
22039447
22039447
22039447
22039447
22039447
22039447
22039447
22039447
22039447
22039447
22039517
