3470
12003
18493
24393
261629
524569
787509
1167001
1558734
1945658
2335606
2727066
3118526
3286210
3420630
3555050
3701694
3836114
3970534
4451330
4968489
5473349
5978279
6483139
6987999
7394579
7770919
8153307
8538847
8922747
9306647
9918987
10559927
11200867
11837271
12470651
13104031
13416867
13672247
13927627
14204303
14461195
14716575
15083971
15467871
15851771
16235874
16613726
16990066
17171428
17305848
17440268
17585400
17712260
17839120
18297236
18811168
19331148
19843568
20355988
20869920
21291620
21683080
22063956
22137896
22143796
22149696
22150876
22150876
22150876
22150876
22150876
22150876
22150876
22150876
22150876
22150876
22150876
22150876
22150876
22150876
22150876
22150876
22150876
22150876
22150876
22150876
22150876
22150876
22150876
22150876
22150876
22150876
22150876
22150876
22150876
22150876
22151079
22151079
22151149
22151149
22151149
22151149
22151149
22151149
22151149
22151149
22151149
22151149
