3470
333359
705311
1075751
1447703
1818143
2188583
2559093
2929736
3306224
3687376
4057816
4428256
5031672
5659152
6286632
6918648
7546128
8175190
8468518
8713665
8970705
9239969
9497009
9754049
10124617
10510177
10891201
11270713
11650225
12029737
12194545
12315505
12436465
12578721
12707241
12835761
13297049
13803569
14310089
14810561
15315569
15822159
16231911
16609911
16987911
17376826
17760874
18146434
18742290
19369770
19997250
20629266
21264306
21899346
22215354
22463322
22706754
22968458
23217938
23467418
23715386
23957306
24209810
24453242
24695162
24937082
24977906
24977906
24977906
24977906
24977906
24977906
24977906
24977906
24977906
24977906
24977906
24977906
24977906
24977906
24977906
24977906
24977906
24977906
24977906
24977906
24977906
24977906
24977906
24977906
24977976
24977976
24977976
24977976
24977976
24977976
24978179
24978179
24978179
24978179
24978179
24978179
24978179
24978179
24978179
24978179
24978179
24978179
