3470
99127
214039
327439
452935
581455
709975
1071471
1457304
1844376
2128632
2385672
2642712
3240080
3875120
4510160
4928984
5300936
5671376
6046352
6424555
6802555
7192849
7570849
7953385
8552265
9179745
9808737
10437729
11065209
11692689
11996601
12253641
12510681
12781457
13038497
13295537
13664593
14051665
14437225
14815225
15190201
15560641
15725449
15849433
15976441
16118900
16247420
16377452
16826644
17325674
17824634
18325106
18824066
19323026
19726730
20098682
20470634
20865394
21252466
21635002
22006954
22377394
22747834
23119786
23490226
23860666
23919634
23919634
23919634
23919634
23919634
23919634
23919634
23919634
23919634
23919634
23919634
23919634
23919634
23919634
23919634
23919634
23919634
23919634
23919634
23919634
23919634
23919634
23919634
23919634
23919634
23919634
23919634
23919634
23919634
23919634
23919837
23919837
23919837
23919837
23919837
23919837
23919907
23919907
23919907
23919907
23919907
23919907
