3540
3743
3743
3743
443735
935135
1426605
2268917
3147592
4024552
5012016
6009936
7007856
7591488
8090448
8590920
9339616
10109224
10878902
11875566
12881249
13886729
14890697
15899201
16900145
17379449
17765009
18150569
18556041
18941601
19327161
20155993
21040513
21925033
22797457
23668369
24539281
25109305
25608265
26107225
26633657
27137153
27649721
28717449
29863615
30997615
32124258
33250698
34380162
35101386
35733402
36368442
37023394
37667506
38304058
39264434
40277474
41289002
42294482
43293914
44294858
44783234
45161234
45539234
45614834
45614834
45614834
45614834
45614834
45614834
45614834
45614834
45614834
45614834
45614834
45614834
45614834
45614834
45614834
45614834
45614834
45614834
45614834
45614834
45614834
45614834
45614834
45614834
45614834
45614834
45614834
45614834
45614834
45614904
45614904
45614904
45614904
45615107
45615107
45615107
45615107
45615107
45615107
45615107
45615107
45615107
45615107
45615107
45615107
