3470
313703
669023
1024343
1397807
1775807
2155319
2766365
3401608
4038160
4584120
5098200
5612280
6574168
7587208
8600248
9389512
10131904
10875808
11421710
11928433
12434953
12967433
13473953
13985009
15042153
16168593
17296545
18426009
19553961
20681913
21386505
22013985
22641465
23307001
23949601
24592201
25561649
26576201
27590753
28605305
29615321
30614753
31081961
31447865
31825935
32237658
32623218
33010290
33827026
34710034
35586994
36459418
37328818
38204266
38784874
39285346
39787330
40313762
40829354
41340410
41842394
42333794
42825194
43310546
43794386
44278226
44358362
44358362
44358362
44358362
44358362
44358362
44358362
44358362
44358362
44358362
44358362
44358362
44358362
44358362
44358362
44358362
44358362
44358362
44358362
44358362
44358362
44358362
44358362
44358362
44358362
44358362
44358362
44358362
44358362
44358432
44358635
44358635
44358635
44358635
44358635
44358635
44358635
44358635
44358635
44358635
44358635
44358635
