3470
3673
3743
3743
3743
3743
3743
3743
3946
4016
4016
4016
4016
4016
4016
4016
4016
4016
4016
4016
4219
4219
4219
4219
4289
4289
4289
4289
4289
4289
4289
4289
4289
4289
4289
4289
4289
4289
4289
4289
4289
4289
4289
4289
4289
4289
4492
4492
4492
4492
4492
4492
4492
4562
4562
4562
4562
4562
4562
4562
4562
4562
4562
4562
4562
4562
4562
4562
4562
4562
4562
4562
4562
4562
4562
4562
4562
4562
4562
4562
4562
4562
4562
4562
4562
4562
4562
4562
4562
4562
4562
4562
4562
4562
4562
4562
4562
4765
4765
4765
4765
4765
4765
4765
4765
4765
4765
4765
4765
