4289
4289
4289
371705
1014305
1656905
2517233
3545393
4573553
5892017
7435769
8978009
10545953
12091217
13633457
15205937
16751201
18293441
19867433
21409673
22951913
24519857
26063812
27607634
29183138
30725378
32267618
33837074
35380826
36926090
38497058
40042322
41584562
43157042
44699282
46243034
47815514
49357754
50903018
52470962
54014714
55558466
57132458
58676210
60218450
61786394
63333170
64875410
66444866
67987106
69530858
71100314
72645578
74187818
75758786
77302538
78846290
80415746
81959498
83501738
85075730
86617970
88160210
