4289
4289
4289
78377
206897
335417
681665
1195745
1709825
2369057
3140177
3912809
4700561
5471681
6242801
7027529
7798649
8569769
9356009
10127129
10898249
11686001
12460348
13231468
14014684
14785804
15556924
16341652
17114354
17886986
18674738
19445858
20216978
21001706
21772826
22543946
23330186
24102818
24873938
25661690
26432810
27203930
27988658
28761290
29533922
30317138
31089770
31860890
32648642
33419762
34190882
34972586
35743706
36514826
37301066
38073698
38844818
39634082
40405202
41177834
41962562
42733682
43504802
