4289
4289
4289
225041
610601
996161
1526873
2169473
2812073
3528761
4299881
5071001
5852705
6625337
7396457
8182697
8955329
9726449
10514201
11285321
12056441
12839657
13612492
14383682
15171434
15942554
16713674
17499914
18271034
19043666
19828394
20602538
21373658
22158386
22929506
23702138
24489890
25261010
26033642
26816858
27587978
28360610
29146850
29917970
30689090
31475330
32249474
33020594
33803810
34574930
35346050
36129266
36903410
37674530
38462282
39233402
40004522
40789250
41560370
42331490
43117730
43888850
44659970
