4289
4289
4289
225041
610601
996161
1672025
2571665
3471305
4732313
6276065
7819817
9393809
10937561
12479801
14050769
15594521
17136761
18709311
20251551
21793791
23367783
24911738
26455490
28026458
29568698
31110938
32678882
34224146
35769410
37343402
38885642
40427882
42000362
43542602
45084842
46655810
48199562
49744826
51315794
52859546
54401786
55974266
57519530
59063282
60628202
62173466
63715706
65289698
66831938
68375690
69943634
71485874
73029626
74599082
76142834
77686586
79262090
80804330
82348082
83920562
85462802
87005042
